{
 "cells": [
  {
   "cell_type": "markdown",
   "metadata": {},
   "source": [
    "## Logistic Regression For Multiclass Classification"
   ]
  },
  {
   "cell_type": "code",
   "execution_count": 1,
   "metadata": {},
   "outputs": [],
   "source": [
    "# make a prediction with a multinomial logistic regression model\n",
    "from sklearn.datasets import make_classification\n",
    "from sklearn.linear_model import LogisticRegression"
   ]
  },
  {
   "cell_type": "code",
   "execution_count": 2,
   "metadata": {},
   "outputs": [],
   "source": [
    "# define dataset\n",
    "X, y = make_classification(n_samples=1000, n_features=10, n_informative=5, n_redundant=5, n_classes=3, random_state=1)"
   ]
  },
  {
   "cell_type": "code",
   "execution_count": 3,
   "metadata": {},
   "outputs": [
    {
     "data": {
      "text/plain": [
       "array([ 1.89149379, -0.39847585,  1.63856893,  0.01647165,  1.51892395,\n",
       "       -3.52651223,  1.80998823,  0.58810926, -0.02542177, -0.52835426])"
      ]
     },
     "execution_count": 3,
     "metadata": {},
     "output_type": "execute_result"
    }
   ],
   "source": [
    "X[0]"
   ]
  },
  {
   "cell_type": "code",
   "execution_count": 4,
   "metadata": {},
   "outputs": [],
   "source": [
    "# define the multinomial logistic regression model For multiclass classification\n",
    "model = LogisticRegression(multi_class='ovr', solver='lbfgs')"
   ]
  },
  {
   "cell_type": "code",
   "execution_count": 5,
   "metadata": {},
   "outputs": [],
   "source": [
    "# Train test split\n",
    "from sklearn.model_selection import train_test_split\n",
    "X_train, X_test, y_train, y_test = train_test_split(X, y, test_size=0.20, random_state=48)"
   ]
  },
  {
   "cell_type": "code",
   "execution_count": 6,
   "metadata": {},
   "outputs": [
    {
     "data": {
      "text/html": [
       "<style>#sk-container-id-1 {color: black;background-color: white;}#sk-container-id-1 pre{padding: 0;}#sk-container-id-1 div.sk-toggleable {background-color: white;}#sk-container-id-1 label.sk-toggleable__label {cursor: pointer;display: block;width: 100%;margin-bottom: 0;padding: 0.3em;box-sizing: border-box;text-align: center;}#sk-container-id-1 label.sk-toggleable__label-arrow:before {content: \"▸\";float: left;margin-right: 0.25em;color: #696969;}#sk-container-id-1 label.sk-toggleable__label-arrow:hover:before {color: black;}#sk-container-id-1 div.sk-estimator:hover label.sk-toggleable__label-arrow:before {color: black;}#sk-container-id-1 div.sk-toggleable__content {max-height: 0;max-width: 0;overflow: hidden;text-align: left;background-color: #f0f8ff;}#sk-container-id-1 div.sk-toggleable__content pre {margin: 0.2em;color: black;border-radius: 0.25em;background-color: #f0f8ff;}#sk-container-id-1 input.sk-toggleable__control:checked~div.sk-toggleable__content {max-height: 200px;max-width: 100%;overflow: auto;}#sk-container-id-1 input.sk-toggleable__control:checked~label.sk-toggleable__label-arrow:before {content: \"▾\";}#sk-container-id-1 div.sk-estimator input.sk-toggleable__control:checked~label.sk-toggleable__label {background-color: #d4ebff;}#sk-container-id-1 div.sk-label input.sk-toggleable__control:checked~label.sk-toggleable__label {background-color: #d4ebff;}#sk-container-id-1 input.sk-hidden--visually {border: 0;clip: rect(1px 1px 1px 1px);clip: rect(1px, 1px, 1px, 1px);height: 1px;margin: -1px;overflow: hidden;padding: 0;position: absolute;width: 1px;}#sk-container-id-1 div.sk-estimator {font-family: monospace;background-color: #f0f8ff;border: 1px dotted black;border-radius: 0.25em;box-sizing: border-box;margin-bottom: 0.5em;}#sk-container-id-1 div.sk-estimator:hover {background-color: #d4ebff;}#sk-container-id-1 div.sk-parallel-item::after {content: \"\";width: 100%;border-bottom: 1px solid gray;flex-grow: 1;}#sk-container-id-1 div.sk-label:hover label.sk-toggleable__label {background-color: #d4ebff;}#sk-container-id-1 div.sk-serial::before {content: \"\";position: absolute;border-left: 1px solid gray;box-sizing: border-box;top: 0;bottom: 0;left: 50%;z-index: 0;}#sk-container-id-1 div.sk-serial {display: flex;flex-direction: column;align-items: center;background-color: white;padding-right: 0.2em;padding-left: 0.2em;position: relative;}#sk-container-id-1 div.sk-item {position: relative;z-index: 1;}#sk-container-id-1 div.sk-parallel {display: flex;align-items: stretch;justify-content: center;background-color: white;position: relative;}#sk-container-id-1 div.sk-item::before, #sk-container-id-1 div.sk-parallel-item::before {content: \"\";position: absolute;border-left: 1px solid gray;box-sizing: border-box;top: 0;bottom: 0;left: 50%;z-index: -1;}#sk-container-id-1 div.sk-parallel-item {display: flex;flex-direction: column;z-index: 1;position: relative;background-color: white;}#sk-container-id-1 div.sk-parallel-item:first-child::after {align-self: flex-end;width: 50%;}#sk-container-id-1 div.sk-parallel-item:last-child::after {align-self: flex-start;width: 50%;}#sk-container-id-1 div.sk-parallel-item:only-child::after {width: 0;}#sk-container-id-1 div.sk-dashed-wrapped {border: 1px dashed gray;margin: 0 0.4em 0.5em 0.4em;box-sizing: border-box;padding-bottom: 0.4em;background-color: white;}#sk-container-id-1 div.sk-label label {font-family: monospace;font-weight: bold;display: inline-block;line-height: 1.2em;}#sk-container-id-1 div.sk-label-container {text-align: center;}#sk-container-id-1 div.sk-container {/* jupyter's `normalize.less` sets `[hidden] { display: none; }` but bootstrap.min.css set `[hidden] { display: none !important; }` so we also need the `!important` here to be able to override the default hidden behavior on the sphinx rendered scikit-learn.org. See: https://github.com/scikit-learn/scikit-learn/issues/21755 */display: inline-block !important;position: relative;}#sk-container-id-1 div.sk-text-repr-fallback {display: none;}</style><div id=\"sk-container-id-1\" class=\"sk-top-container\"><div class=\"sk-text-repr-fallback\"><pre>LogisticRegression(multi_class=&#x27;ovr&#x27;)</pre><b>In a Jupyter environment, please rerun this cell to show the HTML representation or trust the notebook. <br />On GitHub, the HTML representation is unable to render, please try loading this page with nbviewer.org.</b></div><div class=\"sk-container\" hidden><div class=\"sk-item\"><div class=\"sk-estimator sk-toggleable\"><input class=\"sk-toggleable__control sk-hidden--visually\" id=\"sk-estimator-id-1\" type=\"checkbox\" checked><label for=\"sk-estimator-id-1\" class=\"sk-toggleable__label sk-toggleable__label-arrow\">LogisticRegression</label><div class=\"sk-toggleable__content\"><pre>LogisticRegression(multi_class=&#x27;ovr&#x27;)</pre></div></div></div></div></div>"
      ],
      "text/plain": [
       "LogisticRegression(multi_class='ovr')"
      ]
     },
     "execution_count": 6,
     "metadata": {},
     "output_type": "execute_result"
    }
   ],
   "source": [
    "# trianing model\n",
    "model.fit(X_train, y_train)"
   ]
  },
  {
   "cell_type": "code",
   "execution_count": 7,
   "metadata": {},
   "outputs": [],
   "source": [
    "y_pred = model.predict(X_test)"
   ]
  },
  {
   "cell_type": "code",
   "execution_count": 8,
   "metadata": {},
   "outputs": [
    {
     "data": {
      "text/plain": [
       "array([1, 2, 0, 0, 0, 2, 0, 1, 1, 1, 0, 1, 0, 0, 2, 1, 0, 1, 2, 1, 1, 0,\n",
       "       2, 2, 0, 1, 2, 0, 2, 0, 2, 2, 1, 1, 1, 2, 0, 1, 0, 2, 1, 2, 0, 1,\n",
       "       1, 1, 2, 1, 2, 2, 1, 0, 2, 0, 2, 1, 1, 0, 2, 1, 2, 1, 0, 0, 0, 2,\n",
       "       2, 0, 2, 0, 0, 1, 0, 1, 0, 0, 2, 2, 2, 0, 1, 0, 1, 1, 2, 1, 0, 0,\n",
       "       1, 1, 0, 0, 1, 1, 2, 1, 2, 1, 0, 0, 0, 1, 1, 0, 2, 1, 0, 1, 0, 0,\n",
       "       1, 0, 2, 2, 0, 0, 0, 0, 1, 0, 0, 0, 0, 0, 0, 2, 1, 1, 0, 2, 1, 1,\n",
       "       0, 1, 0, 2, 2, 2, 0, 1, 0, 0, 2, 2, 2, 1, 1, 2, 0, 1, 1, 1, 2, 0,\n",
       "       0, 0, 1, 0, 1, 1, 1, 0, 1, 0, 1, 2, 1, 1, 0, 0, 2, 1, 0, 1, 1, 0,\n",
       "       2, 0, 2, 0, 1, 2, 0, 1, 1, 0, 1, 2, 2, 1, 1, 2, 1, 2, 1, 1, 0, 1,\n",
       "       2, 1])"
      ]
     },
     "execution_count": 8,
     "metadata": {},
     "output_type": "execute_result"
    }
   ],
   "source": [
    "y_pred"
   ]
  },
  {
   "cell_type": "code",
   "execution_count": 9,
   "metadata": {},
   "outputs": [
    {
     "data": {
      "text/plain": [
       "array([[0.22113241, 0.76966054, 0.00920704],\n",
       "       [0.01794311, 0.40652621, 0.57553068],\n",
       "       [0.75178736, 0.17760859, 0.07060405],\n",
       "       [0.52564689, 0.12401068, 0.35034242],\n",
       "       [0.53797853, 0.10851332, 0.35350815],\n",
       "       [0.01448608, 0.2608887 , 0.72462522],\n",
       "       [0.59530452, 0.37704865, 0.02764684],\n",
       "       [0.40294365, 0.5789616 , 0.01809476],\n",
       "       [0.00388864, 0.5264783 , 0.46963306],\n",
       "       [0.38313295, 0.46283966, 0.15402739],\n",
       "       [0.55713124, 0.07105919, 0.37180957],\n",
       "       [0.1832067 , 0.58871281, 0.22808049],\n",
       "       [0.38741036, 0.38310624, 0.2294834 ],\n",
       "       [0.63109999, 0.35596211, 0.01293789],\n",
       "       [0.15842284, 0.01464192, 0.82693525],\n",
       "       [0.32362383, 0.60238132, 0.07399485],\n",
       "       [0.46500224, 0.36607909, 0.16891867],\n",
       "       [0.0587278 , 0.91754807, 0.02372413],\n",
       "       [0.25389685, 0.08847273, 0.65763042],\n",
       "       [0.15041961, 0.7812874 , 0.06829299],\n",
       "       [0.06553444, 0.86047462, 0.07399094],\n",
       "       [0.6150932 , 0.24914053, 0.13576627],\n",
       "       [0.3622484 , 0.18332027, 0.45443132],\n",
       "       [0.39615383, 0.06897098, 0.53487519],\n",
       "       [0.63528701, 0.09356621, 0.27114678],\n",
       "       [0.35563657, 0.537141  , 0.10722244],\n",
       "       [0.45393282, 0.04662663, 0.49944055],\n",
       "       [0.47680049, 0.20875712, 0.31444238],\n",
       "       [0.36835826, 0.10479022, 0.52685152],\n",
       "       [0.57634052, 0.00269773, 0.42096176],\n",
       "       [0.18580492, 0.17823   , 0.63596508],\n",
       "       [0.01059647, 0.11991254, 0.869491  ],\n",
       "       [0.05683017, 0.69114315, 0.25202668],\n",
       "       [0.24105356, 0.51347056, 0.24547588],\n",
       "       [0.14659095, 0.73467992, 0.11872913],\n",
       "       [0.00878396, 0.15031334, 0.8409027 ],\n",
       "       [0.4359475 , 0.27802599, 0.28602651],\n",
       "       [0.08997999, 0.8715056 , 0.03851442],\n",
       "       [0.51883783, 0.10187107, 0.3792911 ],\n",
       "       [0.02432483, 0.3131808 , 0.66249437],\n",
       "       [0.22915371, 0.58412905, 0.18671723],\n",
       "       [0.24942804, 0.18023006, 0.5703419 ],\n",
       "       [0.61002985, 0.29678614, 0.09318401],\n",
       "       [0.48808666, 0.48810704, 0.0238063 ],\n",
       "       [0.07263983, 0.51261703, 0.41474313],\n",
       "       [0.06744915, 0.64793975, 0.2846111 ],\n",
       "       [0.08409125, 0.38731767, 0.52859108],\n",
       "       [0.47073112, 0.48954165, 0.03972724],\n",
       "       [0.20128559, 0.08170376, 0.71701065],\n",
       "       [0.3563352 , 0.13627421, 0.50739059],\n",
       "       [0.09522487, 0.81919761, 0.08557752],\n",
       "       [0.60789076, 0.06129911, 0.33081013],\n",
       "       [0.07495915, 0.40004777, 0.52499308],\n",
       "       [0.80190353, 0.05519519, 0.14290129],\n",
       "       [0.03075104, 0.18509666, 0.7841523 ],\n",
       "       [0.23826587, 0.72220719, 0.03952694],\n",
       "       [0.39240497, 0.51619973, 0.0913953 ],\n",
       "       [0.58116182, 0.06680085, 0.35203733],\n",
       "       [0.36299351, 0.13751737, 0.49948912],\n",
       "       [0.10760841, 0.50246948, 0.3899221 ],\n",
       "       [0.05739665, 0.29360084, 0.64900251],\n",
       "       [0.16095239, 0.81183032, 0.02721729],\n",
       "       [0.47608898, 0.34150012, 0.1824109 ],\n",
       "       [0.52681092, 0.07539119, 0.39779789],\n",
       "       [0.60960231, 0.04786801, 0.34252968],\n",
       "       [0.15778562, 0.35022983, 0.49198455],\n",
       "       [0.07595071, 0.08749501, 0.83655428],\n",
       "       [0.7377999 , 0.09913956, 0.16306054],\n",
       "       [0.05409726, 0.29000781, 0.65589493],\n",
       "       [0.52190314, 0.36243578, 0.11566108],\n",
       "       [0.61278275, 0.35844912, 0.02876813],\n",
       "       [0.016022  , 0.70979201, 0.27418599],\n",
       "       [0.55841111, 0.37098137, 0.07060752],\n",
       "       [0.03509961, 0.65825937, 0.30664102],\n",
       "       [0.52078763, 0.35471768, 0.12449469],\n",
       "       [0.54507668, 0.03683024, 0.41809308],\n",
       "       [0.00536178, 0.28625108, 0.70838714],\n",
       "       [0.04902087, 0.31965582, 0.63132332],\n",
       "       [0.30642996, 0.04767528, 0.64589476],\n",
       "       [0.5042353 , 0.07177283, 0.42399186],\n",
       "       [0.33015305, 0.36230503, 0.30754192],\n",
       "       [0.5678152 , 0.12034154, 0.31184326],\n",
       "       [0.0127729 , 0.51703021, 0.47019689],\n",
       "       [0.16484964, 0.49186345, 0.34328691],\n",
       "       [0.02073713, 0.20128172, 0.77798116],\n",
       "       [0.21472602, 0.76726486, 0.01800912],\n",
       "       [0.50192589, 0.23450602, 0.26356808],\n",
       "       [0.41028465, 0.22304515, 0.3666702 ],\n",
       "       [0.34909872, 0.46721994, 0.18368134],\n",
       "       [0.03733881, 0.79599309, 0.1666681 ],\n",
       "       [0.50114345, 0.02699834, 0.47185821],\n",
       "       [0.61449956, 0.1712851 , 0.21421534],\n",
       "       [0.06262417, 0.48614157, 0.45123426],\n",
       "       [0.32812034, 0.59854484, 0.07333482],\n",
       "       [0.10838333, 0.42928112, 0.46233556],\n",
       "       [0.02685945, 0.86198059, 0.11115997],\n",
       "       [0.01170868, 0.39717298, 0.59111834],\n",
       "       [0.02052245, 0.50153673, 0.47794082],\n",
       "       [0.60653116, 0.0771791 , 0.31628974],\n",
       "       [0.75880333, 0.04803148, 0.19316519],\n",
       "       [0.51729724, 0.18095503, 0.30174773],\n",
       "       [0.01569516, 0.56057507, 0.42372977],\n",
       "       [0.1683647 , 0.54129299, 0.2903423 ],\n",
       "       [0.8517999 , 0.08942282, 0.05877728],\n",
       "       [0.06016463, 0.3957307 , 0.54410467],\n",
       "       [0.04874393, 0.47586202, 0.47539405],\n",
       "       [0.394743  , 0.23064179, 0.37461521],\n",
       "       [0.04448295, 0.58928526, 0.36623178],\n",
       "       [0.53927317, 0.17252844, 0.28819839],\n",
       "       [0.59095158, 0.09364707, 0.31540135],\n",
       "       [0.40592316, 0.51818141, 0.07589544],\n",
       "       [0.58893721, 0.04346197, 0.36760082],\n",
       "       [0.2531758 , 0.10891005, 0.63791415],\n",
       "       [0.27438919, 0.14076391, 0.58484689],\n",
       "       [0.62420693, 0.10228715, 0.27350592],\n",
       "       [0.63861431, 0.12497368, 0.23641201],\n",
       "       [0.53840409, 0.23072983, 0.23086608],\n",
       "       [0.50151021, 0.12923299, 0.3692568 ],\n",
       "       [0.00956295, 0.81867667, 0.17176038],\n",
       "       [0.47992207, 0.2461399 , 0.27393803],\n",
       "       [0.64268137, 0.17904967, 0.17826897],\n",
       "       [0.67132361, 0.04861362, 0.28006277],\n",
       "       [0.46554469, 0.09509209, 0.43936321],\n",
       "       [0.60565931, 0.19536412, 0.19897657],\n",
       "       [0.70958598, 0.24783713, 0.04257689],\n",
       "       [0.13690651, 0.05464861, 0.80844488],\n",
       "       [0.04961791, 0.56981619, 0.3805659 ],\n",
       "       [0.26776945, 0.64928653, 0.08294402],\n",
       "       [0.46979947, 0.26604408, 0.26415644],\n",
       "       [0.09873735, 0.11014274, 0.79111991],\n",
       "       [0.0357951 , 0.66235972, 0.30184518],\n",
       "       [0.0137397 , 0.52762405, 0.45863625],\n",
       "       [0.56638228, 0.08106494, 0.35255278],\n",
       "       [0.34219302, 0.46873846, 0.18906852],\n",
       "       [0.42690512, 0.21619915, 0.35689573],\n",
       "       [0.01987029, 0.35878231, 0.6213474 ],\n",
       "       [0.1339701 , 0.32700305, 0.53902685],\n",
       "       [0.05431567, 0.25584433, 0.68984   ],\n",
       "       [0.5177073 , 0.15492288, 0.32736982],\n",
       "       [0.02154669, 0.69316344, 0.28528988],\n",
       "       [0.84300754, 0.04197832, 0.11501414],\n",
       "       [0.58405363, 0.20012851, 0.21581786],\n",
       "       [0.12143422, 0.40547915, 0.47308663],\n",
       "       [0.13024788, 0.41046488, 0.45928725],\n",
       "       [0.20258199, 0.20242475, 0.59499327],\n",
       "       [0.32389384, 0.63852026, 0.03758589],\n",
       "       [0.08695666, 0.66857193, 0.24447141],\n",
       "       [0.00390966, 0.38258438, 0.61350596],\n",
       "       [0.56611596, 0.12444119, 0.30944285],\n",
       "       [0.27605089, 0.60209083, 0.12185828],\n",
       "       [0.27706704, 0.5825871 , 0.14034586],\n",
       "       [0.01790279, 0.78251713, 0.19958008],\n",
       "       [0.03098826, 0.08426015, 0.88475159],\n",
       "       [0.55087644, 0.23744498, 0.21167858],\n",
       "       [0.63753907, 0.17725766, 0.18520327],\n",
       "       [0.43247082, 0.3828698 , 0.18465938],\n",
       "       [0.00899414, 0.91513981, 0.07586605],\n",
       "       [0.52573995, 0.08687762, 0.38738243],\n",
       "       [0.36629626, 0.62275568, 0.01094807],\n",
       "       [0.07624595, 0.7095361 , 0.21421795],\n",
       "       [0.03474716, 0.55476111, 0.41049173],\n",
       "       [0.52105204, 0.27009767, 0.20885029],\n",
       "       [0.11225362, 0.55575399, 0.33199239],\n",
       "       [0.52277159, 0.24396073, 0.23326768],\n",
       "       [0.11156798, 0.81858831, 0.06984372],\n",
       "       [0.10697193, 0.10941099, 0.78361708],\n",
       "       [0.22574034, 0.44965438, 0.32460527],\n",
       "       [0.13154372, 0.8344514 , 0.03400488],\n",
       "       [0.71480515, 0.18987186, 0.09532299],\n",
       "       [0.6103758 , 0.00262399, 0.38700021],\n",
       "       [0.05584392, 0.22506022, 0.71909585],\n",
       "       [0.24512478, 0.72230355, 0.03257168],\n",
       "       [0.4089573 , 0.3163742 , 0.27466849],\n",
       "       [0.03927027, 0.55427499, 0.40645474],\n",
       "       [0.07897454, 0.46775329, 0.45327217],\n",
       "       [0.37622334, 0.26635619, 0.35742047],\n",
       "       [0.43222451, 0.0994138 , 0.46836169],\n",
       "       [0.51225745, 0.38829951, 0.09944304],\n",
       "       [0.18470644, 0.33534391, 0.47994965],\n",
       "       [0.60845048, 0.09445173, 0.29709779],\n",
       "       [0.1481938 , 0.56926242, 0.28254378],\n",
       "       [0.01324171, 0.38127118, 0.60548712],\n",
       "       [0.4425087 , 0.32595224, 0.23153905],\n",
       "       [0.12718404, 0.84399407, 0.02882188],\n",
       "       [0.26255648, 0.68721506, 0.05022846],\n",
       "       [0.39826692, 0.2682    , 0.33353308],\n",
       "       [0.04206864, 0.89692505, 0.06100631],\n",
       "       [0.14632164, 0.10901369, 0.74466467],\n",
       "       [0.02364982, 0.44403232, 0.53231786],\n",
       "       [0.33587538, 0.39560772, 0.2685169 ],\n",
       "       [0.27592929, 0.693273  , 0.03079771],\n",
       "       [0.11734301, 0.29448581, 0.58817118],\n",
       "       [0.35675369, 0.64115907, 0.00208724],\n",
       "       [0.05855824, 0.14731223, 0.79412953],\n",
       "       [0.06195441, 0.8204086 , 0.11763699],\n",
       "       [0.43257517, 0.44876444, 0.1186604 ],\n",
       "       [0.46643975, 0.17818904, 0.35537122],\n",
       "       [0.06217448, 0.50208072, 0.4357448 ],\n",
       "       [0.23866897, 0.02196394, 0.73936709],\n",
       "       [0.27869581, 0.53887537, 0.18242882]])"
      ]
     },
     "execution_count": 9,
     "metadata": {},
     "output_type": "execute_result"
    }
   ],
   "source": [
    "model.predict_proba(X_test)"
   ]
  },
  {
   "cell_type": "code",
   "execution_count": 10,
   "metadata": {},
   "outputs": [
    {
     "name": "stdout",
     "output_type": "stream",
     "text": [
      "[[45  7 21]\n",
      " [11 50 14]\n",
      " [ 2  8 42]]\n",
      "0.685\n",
      "              precision    recall  f1-score   support\n",
      "\n",
      "           0       0.78      0.62      0.69        73\n",
      "           1       0.77      0.67      0.71        75\n",
      "           2       0.55      0.81      0.65        52\n",
      "\n",
      "    accuracy                           0.69       200\n",
      "   macro avg       0.70      0.70      0.68       200\n",
      "weighted avg       0.71      0.69      0.69       200\n",
      "\n"
     ]
    }
   ],
   "source": [
    "from sklearn.metrics import confusion_matrix, accuracy_score, classification_report\n",
    "print(confusion_matrix(y_pred, y_test))\n",
    "print(accuracy_score(y_pred, y_test))\n",
    "print(classification_report(y_pred, y_test))"
   ]
  },
  {
   "cell_type": "markdown",
   "metadata": {},
   "source": [
    "## IRIS DATASET"
   ]
  },
  {
   "cell_type": "code",
   "execution_count": 11,
   "metadata": {},
   "outputs": [],
   "source": [
    "from sklearn.datasets import load_iris"
   ]
  },
  {
   "cell_type": "code",
   "execution_count": 12,
   "metadata": {},
   "outputs": [],
   "source": [
    "datasets = load_iris()"
   ]
  },
  {
   "cell_type": "code",
   "execution_count": 13,
   "metadata": {},
   "outputs": [
    {
     "data": {
      "text/plain": [
       "{'data': array([[5.1, 3.5, 1.4, 0.2],\n",
       "        [4.9, 3. , 1.4, 0.2],\n",
       "        [4.7, 3.2, 1.3, 0.2],\n",
       "        [4.6, 3.1, 1.5, 0.2],\n",
       "        [5. , 3.6, 1.4, 0.2],\n",
       "        [5.4, 3.9, 1.7, 0.4],\n",
       "        [4.6, 3.4, 1.4, 0.3],\n",
       "        [5. , 3.4, 1.5, 0.2],\n",
       "        [4.4, 2.9, 1.4, 0.2],\n",
       "        [4.9, 3.1, 1.5, 0.1],\n",
       "        [5.4, 3.7, 1.5, 0.2],\n",
       "        [4.8, 3.4, 1.6, 0.2],\n",
       "        [4.8, 3. , 1.4, 0.1],\n",
       "        [4.3, 3. , 1.1, 0.1],\n",
       "        [5.8, 4. , 1.2, 0.2],\n",
       "        [5.7, 4.4, 1.5, 0.4],\n",
       "        [5.4, 3.9, 1.3, 0.4],\n",
       "        [5.1, 3.5, 1.4, 0.3],\n",
       "        [5.7, 3.8, 1.7, 0.3],\n",
       "        [5.1, 3.8, 1.5, 0.3],\n",
       "        [5.4, 3.4, 1.7, 0.2],\n",
       "        [5.1, 3.7, 1.5, 0.4],\n",
       "        [4.6, 3.6, 1. , 0.2],\n",
       "        [5.1, 3.3, 1.7, 0.5],\n",
       "        [4.8, 3.4, 1.9, 0.2],\n",
       "        [5. , 3. , 1.6, 0.2],\n",
       "        [5. , 3.4, 1.6, 0.4],\n",
       "        [5.2, 3.5, 1.5, 0.2],\n",
       "        [5.2, 3.4, 1.4, 0.2],\n",
       "        [4.7, 3.2, 1.6, 0.2],\n",
       "        [4.8, 3.1, 1.6, 0.2],\n",
       "        [5.4, 3.4, 1.5, 0.4],\n",
       "        [5.2, 4.1, 1.5, 0.1],\n",
       "        [5.5, 4.2, 1.4, 0.2],\n",
       "        [4.9, 3.1, 1.5, 0.2],\n",
       "        [5. , 3.2, 1.2, 0.2],\n",
       "        [5.5, 3.5, 1.3, 0.2],\n",
       "        [4.9, 3.6, 1.4, 0.1],\n",
       "        [4.4, 3. , 1.3, 0.2],\n",
       "        [5.1, 3.4, 1.5, 0.2],\n",
       "        [5. , 3.5, 1.3, 0.3],\n",
       "        [4.5, 2.3, 1.3, 0.3],\n",
       "        [4.4, 3.2, 1.3, 0.2],\n",
       "        [5. , 3.5, 1.6, 0.6],\n",
       "        [5.1, 3.8, 1.9, 0.4],\n",
       "        [4.8, 3. , 1.4, 0.3],\n",
       "        [5.1, 3.8, 1.6, 0.2],\n",
       "        [4.6, 3.2, 1.4, 0.2],\n",
       "        [5.3, 3.7, 1.5, 0.2],\n",
       "        [5. , 3.3, 1.4, 0.2],\n",
       "        [7. , 3.2, 4.7, 1.4],\n",
       "        [6.4, 3.2, 4.5, 1.5],\n",
       "        [6.9, 3.1, 4.9, 1.5],\n",
       "        [5.5, 2.3, 4. , 1.3],\n",
       "        [6.5, 2.8, 4.6, 1.5],\n",
       "        [5.7, 2.8, 4.5, 1.3],\n",
       "        [6.3, 3.3, 4.7, 1.6],\n",
       "        [4.9, 2.4, 3.3, 1. ],\n",
       "        [6.6, 2.9, 4.6, 1.3],\n",
       "        [5.2, 2.7, 3.9, 1.4],\n",
       "        [5. , 2. , 3.5, 1. ],\n",
       "        [5.9, 3. , 4.2, 1.5],\n",
       "        [6. , 2.2, 4. , 1. ],\n",
       "        [6.1, 2.9, 4.7, 1.4],\n",
       "        [5.6, 2.9, 3.6, 1.3],\n",
       "        [6.7, 3.1, 4.4, 1.4],\n",
       "        [5.6, 3. , 4.5, 1.5],\n",
       "        [5.8, 2.7, 4.1, 1. ],\n",
       "        [6.2, 2.2, 4.5, 1.5],\n",
       "        [5.6, 2.5, 3.9, 1.1],\n",
       "        [5.9, 3.2, 4.8, 1.8],\n",
       "        [6.1, 2.8, 4. , 1.3],\n",
       "        [6.3, 2.5, 4.9, 1.5],\n",
       "        [6.1, 2.8, 4.7, 1.2],\n",
       "        [6.4, 2.9, 4.3, 1.3],\n",
       "        [6.6, 3. , 4.4, 1.4],\n",
       "        [6.8, 2.8, 4.8, 1.4],\n",
       "        [6.7, 3. , 5. , 1.7],\n",
       "        [6. , 2.9, 4.5, 1.5],\n",
       "        [5.7, 2.6, 3.5, 1. ],\n",
       "        [5.5, 2.4, 3.8, 1.1],\n",
       "        [5.5, 2.4, 3.7, 1. ],\n",
       "        [5.8, 2.7, 3.9, 1.2],\n",
       "        [6. , 2.7, 5.1, 1.6],\n",
       "        [5.4, 3. , 4.5, 1.5],\n",
       "        [6. , 3.4, 4.5, 1.6],\n",
       "        [6.7, 3.1, 4.7, 1.5],\n",
       "        [6.3, 2.3, 4.4, 1.3],\n",
       "        [5.6, 3. , 4.1, 1.3],\n",
       "        [5.5, 2.5, 4. , 1.3],\n",
       "        [5.5, 2.6, 4.4, 1.2],\n",
       "        [6.1, 3. , 4.6, 1.4],\n",
       "        [5.8, 2.6, 4. , 1.2],\n",
       "        [5. , 2.3, 3.3, 1. ],\n",
       "        [5.6, 2.7, 4.2, 1.3],\n",
       "        [5.7, 3. , 4.2, 1.2],\n",
       "        [5.7, 2.9, 4.2, 1.3],\n",
       "        [6.2, 2.9, 4.3, 1.3],\n",
       "        [5.1, 2.5, 3. , 1.1],\n",
       "        [5.7, 2.8, 4.1, 1.3],\n",
       "        [6.3, 3.3, 6. , 2.5],\n",
       "        [5.8, 2.7, 5.1, 1.9],\n",
       "        [7.1, 3. , 5.9, 2.1],\n",
       "        [6.3, 2.9, 5.6, 1.8],\n",
       "        [6.5, 3. , 5.8, 2.2],\n",
       "        [7.6, 3. , 6.6, 2.1],\n",
       "        [4.9, 2.5, 4.5, 1.7],\n",
       "        [7.3, 2.9, 6.3, 1.8],\n",
       "        [6.7, 2.5, 5.8, 1.8],\n",
       "        [7.2, 3.6, 6.1, 2.5],\n",
       "        [6.5, 3.2, 5.1, 2. ],\n",
       "        [6.4, 2.7, 5.3, 1.9],\n",
       "        [6.8, 3. , 5.5, 2.1],\n",
       "        [5.7, 2.5, 5. , 2. ],\n",
       "        [5.8, 2.8, 5.1, 2.4],\n",
       "        [6.4, 3.2, 5.3, 2.3],\n",
       "        [6.5, 3. , 5.5, 1.8],\n",
       "        [7.7, 3.8, 6.7, 2.2],\n",
       "        [7.7, 2.6, 6.9, 2.3],\n",
       "        [6. , 2.2, 5. , 1.5],\n",
       "        [6.9, 3.2, 5.7, 2.3],\n",
       "        [5.6, 2.8, 4.9, 2. ],\n",
       "        [7.7, 2.8, 6.7, 2. ],\n",
       "        [6.3, 2.7, 4.9, 1.8],\n",
       "        [6.7, 3.3, 5.7, 2.1],\n",
       "        [7.2, 3.2, 6. , 1.8],\n",
       "        [6.2, 2.8, 4.8, 1.8],\n",
       "        [6.1, 3. , 4.9, 1.8],\n",
       "        [6.4, 2.8, 5.6, 2.1],\n",
       "        [7.2, 3. , 5.8, 1.6],\n",
       "        [7.4, 2.8, 6.1, 1.9],\n",
       "        [7.9, 3.8, 6.4, 2. ],\n",
       "        [6.4, 2.8, 5.6, 2.2],\n",
       "        [6.3, 2.8, 5.1, 1.5],\n",
       "        [6.1, 2.6, 5.6, 1.4],\n",
       "        [7.7, 3. , 6.1, 2.3],\n",
       "        [6.3, 3.4, 5.6, 2.4],\n",
       "        [6.4, 3.1, 5.5, 1.8],\n",
       "        [6. , 3. , 4.8, 1.8],\n",
       "        [6.9, 3.1, 5.4, 2.1],\n",
       "        [6.7, 3.1, 5.6, 2.4],\n",
       "        [6.9, 3.1, 5.1, 2.3],\n",
       "        [5.8, 2.7, 5.1, 1.9],\n",
       "        [6.8, 3.2, 5.9, 2.3],\n",
       "        [6.7, 3.3, 5.7, 2.5],\n",
       "        [6.7, 3. , 5.2, 2.3],\n",
       "        [6.3, 2.5, 5. , 1.9],\n",
       "        [6.5, 3. , 5.2, 2. ],\n",
       "        [6.2, 3.4, 5.4, 2.3],\n",
       "        [5.9, 3. , 5.1, 1.8]]),\n",
       " 'target': array([0, 0, 0, 0, 0, 0, 0, 0, 0, 0, 0, 0, 0, 0, 0, 0, 0, 0, 0, 0, 0, 0,\n",
       "        0, 0, 0, 0, 0, 0, 0, 0, 0, 0, 0, 0, 0, 0, 0, 0, 0, 0, 0, 0, 0, 0,\n",
       "        0, 0, 0, 0, 0, 0, 1, 1, 1, 1, 1, 1, 1, 1, 1, 1, 1, 1, 1, 1, 1, 1,\n",
       "        1, 1, 1, 1, 1, 1, 1, 1, 1, 1, 1, 1, 1, 1, 1, 1, 1, 1, 1, 1, 1, 1,\n",
       "        1, 1, 1, 1, 1, 1, 1, 1, 1, 1, 1, 1, 2, 2, 2, 2, 2, 2, 2, 2, 2, 2,\n",
       "        2, 2, 2, 2, 2, 2, 2, 2, 2, 2, 2, 2, 2, 2, 2, 2, 2, 2, 2, 2, 2, 2,\n",
       "        2, 2, 2, 2, 2, 2, 2, 2, 2, 2, 2, 2, 2, 2, 2, 2, 2, 2]),\n",
       " 'frame': None,\n",
       " 'target_names': array(['setosa', 'versicolor', 'virginica'], dtype='<U10'),\n",
       " 'DESCR': '.. _iris_dataset:\\n\\nIris plants dataset\\n--------------------\\n\\n**Data Set Characteristics:**\\n\\n    :Number of Instances: 150 (50 in each of three classes)\\n    :Number of Attributes: 4 numeric, predictive attributes and the class\\n    :Attribute Information:\\n        - sepal length in cm\\n        - sepal width in cm\\n        - petal length in cm\\n        - petal width in cm\\n        - class:\\n                - Iris-Setosa\\n                - Iris-Versicolour\\n                - Iris-Virginica\\n                \\n    :Summary Statistics:\\n\\n    ============== ==== ==== ======= ===== ====================\\n                    Min  Max   Mean    SD   Class Correlation\\n    ============== ==== ==== ======= ===== ====================\\n    sepal length:   4.3  7.9   5.84   0.83    0.7826\\n    sepal width:    2.0  4.4   3.05   0.43   -0.4194\\n    petal length:   1.0  6.9   3.76   1.76    0.9490  (high!)\\n    petal width:    0.1  2.5   1.20   0.76    0.9565  (high!)\\n    ============== ==== ==== ======= ===== ====================\\n\\n    :Missing Attribute Values: None\\n    :Class Distribution: 33.3% for each of 3 classes.\\n    :Creator: R.A. Fisher\\n    :Donor: Michael Marshall (MARSHALL%PLU@io.arc.nasa.gov)\\n    :Date: July, 1988\\n\\nThe famous Iris database, first used by Sir R.A. Fisher. The dataset is taken\\nfrom Fisher\\'s paper. Note that it\\'s the same as in R, but not as in the UCI\\nMachine Learning Repository, which has two wrong data points.\\n\\nThis is perhaps the best known database to be found in the\\npattern recognition literature.  Fisher\\'s paper is a classic in the field and\\nis referenced frequently to this day.  (See Duda & Hart, for example.)  The\\ndata set contains 3 classes of 50 instances each, where each class refers to a\\ntype of iris plant.  One class is linearly separable from the other 2; the\\nlatter are NOT linearly separable from each other.\\n\\n.. topic:: References\\n\\n   - Fisher, R.A. \"The use of multiple measurements in taxonomic problems\"\\n     Annual Eugenics, 7, Part II, 179-188 (1936); also in \"Contributions to\\n     Mathematical Statistics\" (John Wiley, NY, 1950).\\n   - Duda, R.O., & Hart, P.E. (1973) Pattern Classification and Scene Analysis.\\n     (Q327.D83) John Wiley & Sons.  ISBN 0-471-22361-1.  See page 218.\\n   - Dasarathy, B.V. (1980) \"Nosing Around the Neighborhood: A New System\\n     Structure and Classification Rule for Recognition in Partially Exposed\\n     Environments\".  IEEE Transactions on Pattern Analysis and Machine\\n     Intelligence, Vol. PAMI-2, No. 1, 67-71.\\n   - Gates, G.W. (1972) \"The Reduced Nearest Neighbor Rule\".  IEEE Transactions\\n     on Information Theory, May 1972, 431-433.\\n   - See also: 1988 MLC Proceedings, 54-64.  Cheeseman et al\"s AUTOCLASS II\\n     conceptual clustering system finds 3 classes in the data.\\n   - Many, many more ...',\n",
       " 'feature_names': ['sepal length (cm)',\n",
       "  'sepal width (cm)',\n",
       "  'petal length (cm)',\n",
       "  'petal width (cm)'],\n",
       " 'filename': 'iris.csv',\n",
       " 'data_module': 'sklearn.datasets.data'}"
      ]
     },
     "execution_count": 13,
     "metadata": {},
     "output_type": "execute_result"
    }
   ],
   "source": [
    "datasets"
   ]
  },
  {
   "cell_type": "code",
   "execution_count": 14,
   "metadata": {},
   "outputs": [],
   "source": [
    "import pandas as pd\n",
    "import numpy as np\n",
    "df = pd.DataFrame(datasets.data, columns=datasets.feature_names)"
   ]
  },
  {
   "cell_type": "code",
   "execution_count": 15,
   "metadata": {},
   "outputs": [],
   "source": [
    "df['target'] = datasets.target"
   ]
  },
  {
   "cell_type": "code",
   "execution_count": 16,
   "metadata": {},
   "outputs": [
    {
     "data": {
      "text/html": [
       "<div>\n",
       "<style scoped>\n",
       "    .dataframe tbody tr th:only-of-type {\n",
       "        vertical-align: middle;\n",
       "    }\n",
       "\n",
       "    .dataframe tbody tr th {\n",
       "        vertical-align: top;\n",
       "    }\n",
       "\n",
       "    .dataframe thead th {\n",
       "        text-align: right;\n",
       "    }\n",
       "</style>\n",
       "<table border=\"1\" class=\"dataframe\">\n",
       "  <thead>\n",
       "    <tr style=\"text-align: right;\">\n",
       "      <th></th>\n",
       "      <th>sepal length (cm)</th>\n",
       "      <th>sepal width (cm)</th>\n",
       "      <th>petal length (cm)</th>\n",
       "      <th>petal width (cm)</th>\n",
       "      <th>target</th>\n",
       "    </tr>\n",
       "  </thead>\n",
       "  <tbody>\n",
       "    <tr>\n",
       "      <th>0</th>\n",
       "      <td>5.1</td>\n",
       "      <td>3.5</td>\n",
       "      <td>1.4</td>\n",
       "      <td>0.2</td>\n",
       "      <td>0</td>\n",
       "    </tr>\n",
       "    <tr>\n",
       "      <th>1</th>\n",
       "      <td>4.9</td>\n",
       "      <td>3.0</td>\n",
       "      <td>1.4</td>\n",
       "      <td>0.2</td>\n",
       "      <td>0</td>\n",
       "    </tr>\n",
       "    <tr>\n",
       "      <th>2</th>\n",
       "      <td>4.7</td>\n",
       "      <td>3.2</td>\n",
       "      <td>1.3</td>\n",
       "      <td>0.2</td>\n",
       "      <td>0</td>\n",
       "    </tr>\n",
       "    <tr>\n",
       "      <th>3</th>\n",
       "      <td>4.6</td>\n",
       "      <td>3.1</td>\n",
       "      <td>1.5</td>\n",
       "      <td>0.2</td>\n",
       "      <td>0</td>\n",
       "    </tr>\n",
       "    <tr>\n",
       "      <th>4</th>\n",
       "      <td>5.0</td>\n",
       "      <td>3.6</td>\n",
       "      <td>1.4</td>\n",
       "      <td>0.2</td>\n",
       "      <td>0</td>\n",
       "    </tr>\n",
       "  </tbody>\n",
       "</table>\n",
       "</div>"
      ],
      "text/plain": [
       "   sepal length (cm)  sepal width (cm)  petal length (cm)  petal width (cm)   \n",
       "0                5.1               3.5                1.4               0.2  \\\n",
       "1                4.9               3.0                1.4               0.2   \n",
       "2                4.7               3.2                1.3               0.2   \n",
       "3                4.6               3.1                1.5               0.2   \n",
       "4                5.0               3.6                1.4               0.2   \n",
       "\n",
       "   target  \n",
       "0       0  \n",
       "1       0  \n",
       "2       0  \n",
       "3       0  \n",
       "4       0  "
      ]
     },
     "execution_count": 16,
     "metadata": {},
     "output_type": "execute_result"
    }
   ],
   "source": [
    "df.head()"
   ]
  },
  {
   "cell_type": "code",
   "execution_count": 17,
   "metadata": {},
   "outputs": [
    {
     "data": {
      "text/plain": [
       "array([0, 0, 0, 0, 0, 0, 0, 0, 0, 0, 0, 0, 0, 0, 0, 0, 0, 0, 0, 0, 0, 0,\n",
       "       0, 0, 0, 0, 0, 0, 0, 0, 0, 0, 0, 0, 0, 0, 0, 0, 0, 0, 0, 0, 0, 0,\n",
       "       0, 0, 0, 0, 0, 0, 1, 1, 1, 1, 1, 1, 1, 1, 1, 1, 1, 1, 1, 1, 1, 1,\n",
       "       1, 1, 1, 1, 1, 1, 1, 1, 1, 1, 1, 1, 1, 1, 1, 1, 1, 1, 1, 1, 1, 1,\n",
       "       1, 1, 1, 1, 1, 1, 1, 1, 1, 1, 1, 1, 2, 2, 2, 2, 2, 2, 2, 2, 2, 2,\n",
       "       2, 2, 2, 2, 2, 2, 2, 2, 2, 2, 2, 2, 2, 2, 2, 2, 2, 2, 2, 2, 2, 2,\n",
       "       2, 2, 2, 2, 2, 2, 2, 2, 2, 2, 2, 2, 2, 2, 2, 2, 2, 2])"
      ]
     },
     "execution_count": 17,
     "metadata": {},
     "output_type": "execute_result"
    }
   ],
   "source": [
    "datasets.target"
   ]
  },
  {
   "cell_type": "code",
   "execution_count": 18,
   "metadata": {},
   "outputs": [],
   "source": [
    "model1 = LogisticRegression(multi_class='ovr', solver='lbfgs')"
   ]
  },
  {
   "cell_type": "code",
   "execution_count": 19,
   "metadata": {},
   "outputs": [
    {
     "data": {
      "text/html": [
       "<div>\n",
       "<style scoped>\n",
       "    .dataframe tbody tr th:only-of-type {\n",
       "        vertical-align: middle;\n",
       "    }\n",
       "\n",
       "    .dataframe tbody tr th {\n",
       "        vertical-align: top;\n",
       "    }\n",
       "\n",
       "    .dataframe thead th {\n",
       "        text-align: right;\n",
       "    }\n",
       "</style>\n",
       "<table border=\"1\" class=\"dataframe\">\n",
       "  <thead>\n",
       "    <tr style=\"text-align: right;\">\n",
       "      <th></th>\n",
       "      <th>sepal length (cm)</th>\n",
       "      <th>sepal width (cm)</th>\n",
       "      <th>petal length (cm)</th>\n",
       "      <th>petal width (cm)</th>\n",
       "      <th>target</th>\n",
       "    </tr>\n",
       "  </thead>\n",
       "  <tbody>\n",
       "    <tr>\n",
       "      <th>0</th>\n",
       "      <td>5.1</td>\n",
       "      <td>3.5</td>\n",
       "      <td>1.4</td>\n",
       "      <td>0.2</td>\n",
       "      <td>0</td>\n",
       "    </tr>\n",
       "    <tr>\n",
       "      <th>1</th>\n",
       "      <td>4.9</td>\n",
       "      <td>3.0</td>\n",
       "      <td>1.4</td>\n",
       "      <td>0.2</td>\n",
       "      <td>0</td>\n",
       "    </tr>\n",
       "    <tr>\n",
       "      <th>2</th>\n",
       "      <td>4.7</td>\n",
       "      <td>3.2</td>\n",
       "      <td>1.3</td>\n",
       "      <td>0.2</td>\n",
       "      <td>0</td>\n",
       "    </tr>\n",
       "    <tr>\n",
       "      <th>3</th>\n",
       "      <td>4.6</td>\n",
       "      <td>3.1</td>\n",
       "      <td>1.5</td>\n",
       "      <td>0.2</td>\n",
       "      <td>0</td>\n",
       "    </tr>\n",
       "    <tr>\n",
       "      <th>4</th>\n",
       "      <td>5.0</td>\n",
       "      <td>3.6</td>\n",
       "      <td>1.4</td>\n",
       "      <td>0.2</td>\n",
       "      <td>0</td>\n",
       "    </tr>\n",
       "  </tbody>\n",
       "</table>\n",
       "</div>"
      ],
      "text/plain": [
       "   sepal length (cm)  sepal width (cm)  petal length (cm)  petal width (cm)   \n",
       "0                5.1               3.5                1.4               0.2  \\\n",
       "1                4.9               3.0                1.4               0.2   \n",
       "2                4.7               3.2                1.3               0.2   \n",
       "3                4.6               3.1                1.5               0.2   \n",
       "4                5.0               3.6                1.4               0.2   \n",
       "\n",
       "   target  \n",
       "0       0  \n",
       "1       0  \n",
       "2       0  \n",
       "3       0  \n",
       "4       0  "
      ]
     },
     "execution_count": 19,
     "metadata": {},
     "output_type": "execute_result"
    }
   ],
   "source": [
    "df.head()"
   ]
  },
  {
   "cell_type": "code",
   "execution_count": 20,
   "metadata": {},
   "outputs": [],
   "source": [
    "X = df.iloc[:, :-1]\n",
    "y = df.iloc[:,-1]"
   ]
  },
  {
   "cell_type": "code",
   "execution_count": 21,
   "metadata": {},
   "outputs": [
    {
     "data": {
      "text/plain": [
       "0      0\n",
       "1      0\n",
       "2      0\n",
       "3      0\n",
       "4      0\n",
       "      ..\n",
       "145    2\n",
       "146    2\n",
       "147    2\n",
       "148    2\n",
       "149    2\n",
       "Name: target, Length: 150, dtype: int64"
      ]
